/Makefile.in/1.2/Sun Jun  5 16:54:38 2011/-ko/
/callfwmall.c/1.1/Sun Jun  5 16:54:38 2011//
/callfwmall.exp/1.11/Sun Jun  5 16:54:38 2011//
/dollar.c/1.1.1.1/Sun Jun  5 16:54:38 2011/-ko/
/dollar.exp/1.11/Sun Jun  5 16:54:38 2011/-ko/
/genso-thresh.c/1.1.1.1/Sun Jun  5 16:54:38 2011/-ko/
/hwwatchbus.c/1.1.1.1/Sun Jun  5 16:54:38 2011/-ko/
/hwwatchbus.exp/1.11/Sun Jun  5 16:54:38 2011/-ko/
/pxdb.c/1.1.1.1/Sun Jun  5 16:54:38 2011/-ko/
/pxdb.exp/1.11/Sun Jun  5 16:54:38 2011/-ko/
/reg-pa64.exp/1.10/Sun Jun  5 16:54:38 2011/-ko/
/reg-pa64.s/1.1.1.1/Sun Jun  5 16:54:38 2011/-ko/
/reg.exp/1.7/Sun Jun  5 16:54:38 2011/-ko/
/reg.s/1.1.1.1/Sun Jun  5 16:54:38 2011/-ko/
/sized-enum.c/1.1.1.1/Sun Jun  5 16:54:38 2011/-ko/
/sized-enum.exp/1.10/Sun Jun  5 16:54:38 2011/-ko/
/so-thresh.exp/1.11/Sun Jun  5 16:54:38 2011/-ko/
/so-thresh.mk/1.2/Sun Jun  5 16:54:38 2011/-ko/
/so-thresh.sh/1.1.1.1/Sun Jun  5 16:54:38 2011/-ko/
D
